$ 1 0.000005 382.76258214399064 33 5 50 5e-11
v 112 16 224 16 0 0 40 12 0 0 0.5
w 224 16 224 48 0
r 224 48 224 144 0 11
w 224 144 320 144 2
w 224 144 224 192 0
r 224 192 224 320 0 4
w 112 368 112 304 0
w 112 16 112 304 0
181 320 144 400 144 0 343.6966852273641 100 120 0.4 0.4
w 224 320 320 320 2
w 112 368 112 432 0
w 112 432 224 432 0
181 320 320 400 320 0 334.09034604682586 100 120 0.4 0.4
w 400 320 400 432 0
w 400 432 224 432 0
w 400 144 432 144 0
w 432 144 432 464 0
w 432 464 224 464 0
w 224 432 224 464 0
g 112 432 32 432 0 0
w 224 16 320 16 2
181 320 16 400 16 0 403.6219788222001 100 120 0.4 0.4
w 400 16 480 16 0
w 480 16 480 512 0
w 480 512 224 512 0
w 224 464 224 512 0
x 301 -47 414 -44 4 24 Propulsion
x 261 77 465 80 4 24 Servo\sDriver\sBoard
x 284 253 422 256 4 24 Raspberry\sPi
o 28 64 0 4099 5 0.1 0 2 28 3
.
